modules:
    os:
        hardware: .1.3.6.1.4.1.25766.1.12.1.1.2.1.0
        version: .1.3.6.1.4.1.25766.1.12.1.1.2.7.0
        serial: .1.3.6.1.4.1.25766.1.12.1.1.2.4.0
