modules:
  os:
    hardware: .1.3.6.1.4.1.14851.3.1.4.2.0
    serial: .1.3.6.1.4.1.14851.3.1.3.2.0
    version: .1.3.6.1.4.1.14851.3.1.3.4.0
