modules:
    os:
        hardware: .1.3.6.1.4.1.2385.2.1.3.2.1.4.13501.1302.1
        version: .1.3.6.1.4.1.2385.2.1.1.2.1.2.1
        serial: .1.3.6.1.4.1.2385.2.1.1.2.1.3.1
        features: .1.3.6.1.4.1.2385.2.1.3.2.1.4.11703.36.1
