modules:
    os:
        serial: .1.3.6.1.4.1.41916.3.1.1.1.5.1.0
        version: .1.3.6.1.4.1.41916.11.1.2.0
        hardware: .1.3.6.1.4.1.41916.11.1.47.0
