modules:
  os:
    hardware: .1.3.6.1.4.1.14823.1.6.1.1.1.1.1.1.0
    serial: .1.3.6.1.4.1.14823.1.6.1.1.1.1.1.2.0
    version: .1.3.6.1.4.1.14823.1.6.1.1.1.1.1.3.0
