modules:
  os:
    hardware: .1.3.6.1.4.1.11606.24.1.1.7.0
    features: .1.3.6.1.4.1.11606.24.1.1.10.0
    version: .1.3.6.1.4.1.11606.24.1.1.6.0
    serial: .1.3.6.1.4.1.11606.24.1.1.4.0
