modules:
  os:
    hardware: .1.3.6.1.4.1.25071.1.2.6.1.1.5.1
    version: .1.3.6.1.4.1.25071.1.2.6.1.1.9.1
    serial: .1.3.6.1.4.1.25071.1.2.6.1.1.7.1
